#channel, units
1 [0, 1, 2]
2 [0, 1, 2]
3 [0, 1, 2]
4 [0, 1, 2]
5 [0, 1]
6 [0, 1, 2]
7 [0, 1, 2, 3]
8 [0, 1, 2, 3, 4]
9 [0, 1, 2]
10 [0, 1]
11 [0, 1, 2, 3]
12 [0, 1]
13 [0, 1, 2]
14 [0, 1, 2, 3]
15 [0, 1]
16 [0, 1, 2]
17 [0]
18 [0, 1, 2, 3, 4]
19 [0]
20 [0, 1]
21 [0, 1, 2]
22 [0, 1, 2, 3]
23 [0, 1]
24 [0, 1, 2]
25 [0, 1]
26 [0, 1, 2, 3]
27 [0, 1, 2, 3]
28 [0, 1, 2]
29 [0, 1]
30 [0, 1, 2, 3, 4]
31 [0, 1]
32 [0, 1, 2, 3]
33 [0, 1, 2, 3, 4]
34 [0, 1]
35 [0, 1]
36 [0, 1, 2]
37 [0]
38 [0, 1, 2]
39 [0]
40 [0, 1, 2, 3]
41 [0, 1]
42 [0, 1, 2]
43 [0, 1, 2]
44 [0, 1]
45 [0]
46 [0, 1]
47 [0, 1]
48 [0, 1, 2, 3]
49 [0, 1]
50 [0, 1, 2]
51 [0, 1]
52 [0, 1, 2, 3]
53 [0, 1]
54 [0]
55 [0, 1, 2]
56 [0, 1, 2]
57 [0, 1]
58 [0, 1, 2]
59 [0, 1, 2]
60 [0, 1, 2]
61 [0, 1, 2]
62 [0, 1, 2, 3, 4]
63 [0, 1, 2, 3]
64 [0, 1, 2]
65 [0, 1, 2]
66 [0, 1, 2]
67 [0, 1]
68 [0, 1, 2]
69 [0, 1, 2]
70 [0]
71 [0, 1, 2]
72 [0, 1]
73 [0, 1, 2]
74 [0, 1, 2]
75 [0, 1, 2]
76 [0, 1]
77 [0, 1, 2]
78 [0, 1, 2]
79 [0, 1, 2, 3, 4]
80 [0, 1, 2]
81 [0, 1, 2]
82 [0, 1]
83 [0, 1, 2]
84 [0, 1]
85 [0, 1, 2]
86 [0, 1, 2, 3]
87 [0, 1]
88 [0, 1]
89 [0, 1]
90 [0, 1]
91 [0, 1, 2, 3]
92 [0, 1, 2]
93 [0, 1, 2]
94 [0, 1, 2]
95 [0, 1, 2, 3]
96 [0, 1]
